The incidence matrix:
v\e|  1  2  3  4  5  6  7  8  9 10 11 12 13 14 15 16 17 18 19 20 21 22 23 24 25 26 27 28 29 30 31 32 33 34
---|------------------------------------------------------------------------------------------------------
  1| -1  1 -1  1  0  0  0  0  0  0  0  0  0  0  0  0  0  0  0  0  0  0  0  0  0  0  0  0  0  0  0  0  0  0
  2|  0  0  0  0 -1  1 -1  1 -1  1  0  0  0  0  0  0  0  0  0  0  0  0  0  0  0  0  0  0  0  0  0  0  0  0
  3|  1 -1  0  0  1 -1  0  0  0  0  2 -1  1 -1  1 -1  1  0  0  0  0  0  0  0  0  0  0  0  0  0  0  0  0  0
  4|  0  0  1 -1  0  0  0  0  0  0  0  0  0  0  0  0  0 -1  1 -1  1 -1  1  0  0  0  0  0  0  0  0  0  0  0
  5|  0  0  0  0  0  0  0  0  0  0  0  0  0  0  0  0  0  1 -1  0  0  0  0 -1  1 -1  1  0  0  0  0  0  0  0
  6|  0  0  0  0  0  0  0  0  0  0  0  1 -1  0  0  0  0  0  0  1 -1  0  0  1 -1  0  0  0  0  0  0  0  0  0
  7|  0  0  0  0  0  0  0  0  0  0  0  0  0  1 -1  0  0  0  0  0  0  0  0  0  0  1 -1 -1  1 -1  1  0  0  0
  8|  0  0  0  0  0  0  1 -1  0  0  0  0  0  0  0  0  0  0  0  0  0  0  0  0  0  0  0  1 -1  0  0  2  0  0
  9|  0  0  0  0  0  0  0  0  0  0  0  0  0  0  0  1 -1  0  0  0  0  1 -1  0  0  0  0  0  0  1 -1  0 -1  1
 10|  0  0  0  0  0  0  0  0  1 -1  0  0  0  0  0  0  0  0  0  0  0  0  0  0  0  0  0  0  0  0  0  0  1 -1
The adjacency matrix:
v\u|  1  2  3  4  5  6  7  8  9 10
---|------------------------------
  1|  0  0  1  1  0  0  0  0  0  0
  2|  0  0  1  0  0  0  0  1  0  1
  3|  1  1  1  0  0  1  1  0  1  0
  4|  1  0  0  0  1  1  0  0  1  0
  5|  0  0  0  1  0  1  1  0  0  0
  6|  0  0  1  1  1  0  0  0  0  0
  7|  0  0  1  0  1  0  0  1  1  0
  8|  0  1  0  0  0  0  1  1  0  0
  9|  0  0  1  1  0  0  1  0  0  1
 10|  0  1  0  0  0  0  0  0  1  0
N  | The vertex indegree
---|--------------------
  1|  2
  2|  3
  3|  6
  4|  4
  5|  3
  6|  3
  7|  4
  8|  3
  9|  4
 10|  2
N  | The vertex outdegree
---|---------------------
  1|  2
  2|  3
  3|  6
  4|  4
  5|  3
  6|  3
  7|  4
  8|  3
  9|  4
 10|  2
N  | The vertex degree
---|------------------
  1|  4
  2|  6
  3| 12
  4|  8
  5|  6
  6|  6
  7|  8
  8|  6
  9|  8
 10|  4
Graph isn't homogeneous.
Isolated vertices:
List is empty.
Leaf vertices:
List is empty.
The distance matrix:
v\u|  1  2  3  4  5  6  7  8  9 10
---|------------------------------
  1|  0  2  1  1  2  2  2  3  2  3
  2|  2  0  1  3  3  2  2  1  2  1
  3|  1  1  0  2  2  1  1  2  1  2
  4|  1  3  2  0  1  1  2  3  1  2
  5|  2  3  2  1  0  1  1  2  2  3
  6|  2  2  1  1  1  0  2  3  2  3
  7|  2  2  1  2  1  2  0  1  1  2
  8|  3  1  2  3  2  3  1  0  2  2
  9|  2  2  1  1  2  2  1  2  0  1
 10|  3  1  2  2  3  3  2  2  1  0
The reachability matrix:
v\u|  1  2  3  4  5  6  7  8  9 10
---|------------------------------
  1|  1  1  1  1  1  1  1  1  1  1
  2|  1  1  1  1  1  1  1  1  1  1
  3|  1  1  1  1  1  1  1  1  1  1
  4|  1  1  1  1  1  1  1  1  1  1
  5|  1  1  1  1  1  1  1  1  1  1
  6|  1  1  1  1  1  1  1  1  1  1
  7|  1  1  1  1  1  1  1  1  1  1
  8|  1  1  1  1  1  1  1  1  1  1
  9|  1  1  1  1  1  1  1  1  1  1
 10|  1  1  1  1  1  1  1  1  1  1
Simple cycles founded, some of them:
[1, 3, 1]
[3, 2, 8, 7, 3]
[1, 3, 2, 8, 7, 5, 4, 1]
[5, 4, 6, 5]
[8, 8]
[3, 1, 4, 5, 6, 3]
[3, 1, 4, 5, 7, 9, 3]
[2, 3, 1, 4, 5, 7, 9, 10, 2]
[3, 1, 4, 5, 7, 8, 2, 10, 9, 3]
Graph is strongly connected.
BFS log:
Vertex | BFS-number | Queue
     1 |          1 |  1 
     3 |          2 |  1   3 
     4 |          3 |  1   3   4 
    -- |         -- |  3   4 
     2 |          4 |  3   4   2 
     6 |          5 |  3   4   2   6 
     7 |          6 |  3   4   2   6   7 
     9 |          7 |  3   4   2   6   7   9 
    -- |         -- |  4   2   6   7   9 
     5 |          8 |  4   2   6   7   9   5 
    -- |         -- |  2   6   7   9   5 
     8 |          9 |  2   6   7   9   5   8 
    10 |         10 |  2   6   7   9   5   8  10 
    -- |         -- |  6   7   9   5   8  10 
    -- |         -- |  7   9   5   8  10 
    -- |         -- |  9   5   8  10 
    -- |         -- |  5   8  10 
    -- |         -- |  8  10 
    -- |         -- | 10 
    -- |         -- |
DFS log:
Vertex | DFS-number | Stack
     1 |          1 |  1 
     3 |          2 |  1   3 
     2 |          3 |  1   3   2 
     8 |          4 |  1   3   2   8 
     7 |          5 |  1   3   2   8   7 
     5 |          6 |  1   3   2   8   7   5 
     4 |          7 |  1   3   2   8   7   5   4 
     6 |          8 |  1   3   2   8   7   5   4   6 
    -- |         -- |  1   3   2   8   7   5   4 
     9 |          9 |  1   3   2   8   7   5   4   9 
    10 |         10 |  1   3   2   8   7   5   4   9  10 
    -- |         -- |  1   3   2   8   7   5   4   9 
    -- |         -- |  1   3   2   8   7   5   4 
    -- |         -- |  1   3   2   8   7   5 
    -- |         -- |  1   3   2   8   7 
    -- |         -- |  1   3   2   8 
    -- |         -- |  1   3   2 
    -- |         -- |  1   3 
    -- |         -- |  1 
    -- |         -- |
