The incidence matrix:
v\e|  1  2  3  4  5  6  7  8  9 10 11 12 13 14 15 16 17 18 19 20 21 22
---|------------------------------------------------------------------
  1|  0  0  0  0  0  1  0  1  0  0  1  0  0  0  0  0  0  0 -1  0  0  0
  2| -1  0  1  0  0  0  0  0  0  0  0  0  0  0  0  0  1  0  0  0  0  0
  3|  0 -1  0  0  1  0  0  0  1  0  0  1  0  0  0  0  0 -1  0  0  0  0
  4|  0  0 -1 -1  0  0  0  0  0  0  0  0  1  0  0  0  0  0  0  1 -1  0
  5|  0  0  0  0  0  0  0  0  0  0  0  0  0  0  1 -1  0  0  0 -1  1  0
  6|  0  0  0  0 -1  0  0  0  0  1  0  0  0  0  0  0  0  1  0  0  0 -1
  7|  0  0  0  0  0 -1 -1  0  0  0  0  0  0  0 -1  1  0  0  0  0  0  0
  8|  1  0  0  0  0  0  1 -1 -1 -1  0  0  0  0  0  0 -1  0  0  0  0  1
  9|  0  1  0  0  0  0  0  0  0  0 -1  0  0  0  0  0  0  0  1  0  0  0
 10|  0  0  0  1  0  0  0  0  0  0  0 -1 -1  2  0  0  0  0  0  0  0  0
The adjacency matrix:
v\u|  1  2  3  4  5  6  7  8  9 10
---|------------------------------
  1|  0  0  0  0  0  0  0  0  1  0
  2|  0  0  0  0  0  0  0  1  0  0
  3|  0  0  0  0  0  1  0  0  1  0
  4|  0  1  0  0  1  0  0  0  0  1
  5|  0  0  0  1  0  0  1  0  0  0
  6|  0  0  1  0  0  0  0  1  0  0
  7|  1  0  0  0  1  0  0  1  0  0
  8|  1  1  1  0  0  1  0  0  0  0
  9|  1  0  0  0  0  0  0  0  0  0
 10|  0  0  1  1  0  0  0  0  0  1
N  | The vertex indegree
---|--------------------
  1|  1
  2|  1
  3|  2
  4|  3
  5|  2
  6|  2
  7|  3
  8|  4
  9|  1
 10|  3
N  | The vertex outdegree
---|---------------------
  1|  3
  2|  2
  3|  3
  4|  2
  5|  2
  6|  2
  7|  1
  8|  3
  9|  2
 10|  2
N  | The vertex degree
---|------------------
  1|  4
  2|  3
  3|  5
  4|  5
  5|  4
  6|  4
  7|  4
  8|  7
  9|  3
 10|  5
Graph isn't homogeneous.
Isolated vertices:
List is empty.
Leaf vertices:
List is empty.
The distance matrix:
v\u|  1  2  3  4  5  6  7  8  9 10
---|------------------------------
  1|  0  -  -  -  -  -  -  -  1  -
  2|  2  0  2  -  -  2  -  1  3  -
  3|  2  3  0  -  -  1  -  2  1  -
  4|  3  1  2  0  1  3  2  2  3  1
  5|  2  2  3  1  0  3  1  2  3  2
  6|  2  2  1  -  -  0  -  1  2  -
  7|  1  2  2  2  1  2  0  1  2  3
  8|  1  1  1  -  -  1  -  0  2  -
  9|  1  -  -  -  -  -  -  -  0  -
 10|  3  2  1  1  2  2  3  3  2  0
The reachability matrix:
v\u|  1  2  3  4  5  6  7  8  9 10
---|------------------------------
  1|  1  0  0  0  0  0  0  0  1  0
  2|  1  1  1  0  0  1  0  1  1  0
  3|  1  1  1  0  0  1  0  1  1  0
  4|  1  1  1  1  1  1  1  1  1  1
  5|  1  1  1  1  1  1  1  1  1  1
  6|  1  1  1  0  0  1  0  1  1  0
  7|  1  1  1  1  1  1  1  1  1  1
  8|  1  1  1  0  0  1  0  1  1  0
  9|  1  0  0  0  0  0  0  0  1  0
 10|  1  1  1  1  1  1  1  1  1  1
Simple cycles founded, some of them:
[1, 9, 1]
[8, 3, 6, 8]
[10, 10]
Graph is one-side connected.
BFS log:
Vertex | BFS-number | Queue
     1 |          1 |  1 
     9 |          2 |  1   9 
    -- |         -- |  9 
    -- |         -- |
DFS log:
Vertex | DFS-number | Stack
     1 |          1 |  1 
     9 |          2 |  1   9 
    -- |         -- |  1 
    -- |         -- |
