The incidence matrix:
v\e|  1  2  3  4  5  6  7  8  9 10 11 12 13 14 15 16 17 18 19 20 21 22
---|------------------------------------------------------------------
  1| -1 -1 -1  1  0  0  0  0  0  0  0  0  0  0  0  0  0  0  0  0  0  0
  2|  0  0  0 -1 -1 -1  0  0  0  0  0  0  0  0  0  0  0  0  1  0  0  0
  3|  1  0  0  0  0  0 -1  0  0  0  0  0  1  0  0  0  0  0  0  0  0  1
  4|  0  1  0  0  0  0  0 -1 -1  0  0  0  0  0  0  0  0  0  0  1  0  0
  5|  0  0  0  0  0  0  0  0  0 -1  1  0  0  0  1  0  0  0  0  0  0  0
  6|  0  0  0  0  0  0  0  0  0  0  0  0  0  1  0  0  0  0  0  0  0 -1
  7|  0  0  1  0  0  0  0  0  0  0  0  0  0  0  0  0  0  0  0 -1  0  0
  8|  0  0  0  0  1  0  0  1  0  0 -1  0  0  0  0  0  0  0  0  0  1  0
  9|  0  0  0  0  0  0  0  0  0  0  0 -1  0  0  0  0  0  1  0  0  0  0
 10|  0  0  0  0  0  0  0  0  0  1  0  0 -1 -1  0  0  0  0  0  0  0  0
 11|  0  0  0  0  0  0  0  0  0  0  0  0  0  0  0  0  1 -1  0  0  0  0
 12|  0  0  0  0  0  0  0  0  0  0  0  1  0  0  0  0  0  0 -1  0  0  0
 13|  0  0  0  0  0  0  0  0  0  0  0  0  0  0 -1 -1 -1  0  0  0  0  0
 14|  0  0  0  0  0  1  1  0  0  0  0  0  0  0  0  0  0  0  0  0  0  0
 15|  0  0  0  0  0  0  0  0  1  0  0  0  0  0  0  1  0  0  0  0 -1  0
The adjacency matrix:
v\u|  1  2  3  4  5  6  7  8  9 10 11 12 13 14 15
---|---------------------------------------------
  1|  0  0  1  1  0  0  1  0  0  0  0  0  0  0  0
  2|  1  0  0  0  0  0  0  1  0  0  0  0  0  1  0
  3|  0  0  0  0  0  0  0  0  0  0  0  0  0  1  0
  4|  0  0  0  0  0  0  0  1  0  0  0  0  0  0  1
  5|  0  0  0  0  0  0  0  0  0  1  0  0  0  0  0
  6|  0  0  1  0  0  0  0  0  0  0  0  0  0  0  0
  7|  0  0  0  1  0  0  0  0  0  0  0  0  0  0  0
  8|  0  0  0  0  1  0  0  0  0  0  0  0  0  0  0
  9|  0  0  0  0  0  0  0  0  0  0  0  1  0  0  0
 10|  0  0  1  0  0  1  0  0  0  0  0  0  0  0  0
 11|  0  0  0  0  0  0  0  0  1  0  0  0  0  0  0
 12|  0  1  0  0  0  0  0  0  0  0  0  0  0  0  0
 13|  0  0  0  0  1  0  0  0  0  0  1  0  0  0  1
 14|  0  0  0  0  0  0  0  0  0  0  0  0  0  0  0
 15|  0  0  0  0  0  0  0  1  0  0  0  0  0  0  0
N  | The vertex indegree
---|--------------------
  1|  3
  2|  3
  3|  1
  4|  2
  5|  1
  6|  1
  7|  1
  8|  1
  9|  1
 10|  2
 11|  1
 12|  1
 13|  3
 14|  0
 15|  1
N  | The vertex outdegree
---|---------------------
  1|  1
  2|  1
  3|  3
  4|  2
  5|  2
  6|  1
  7|  1
  8|  3
  9|  1
 10|  1
 11|  1
 12|  1
 13|  0
 14|  2
 15|  2
N  | The vertex degree
---|------------------
  1|  4
  2|  4
  3|  4
  4|  4
  5|  3
  6|  2
  7|  2
  8|  4
  9|  2
 10|  3
 11|  2
 12|  2
 13|  3
 14|  2
 15|  3
Graph isn't homogeneous.
Isolated vertices:
List is empty.
Leaf vertices:
List is empty.
The distance matrix:
v\u|  1  2  3  4  5  6  7  8  9 10 11 12 13 14 15
---|---------------------------------------------
  1|  0  -  1  1  3  5  1  2  -  4  -  -  -  2  2
  2|  1  0  2  2  2  4  2  1  -  3  -  -  -  1  3
  3|  -  -  0  -  -  -  -  -  -  -  -  -  -  1  -
  4|  -  -  4  0  2  4  -  1  -  3  -  -  -  5  1
  5|  -  -  2  -  0  2  -  -  -  1  -  -  -  3  -
  6|  -  -  1  -  -  0  -  -  -  -  -  -  -  2  -
  7|  -  -  5  1  3  5  0  2  -  4  -  -  -  6  2
  8|  -  -  3  -  1  3  -  0  -  2  -  -  -  4  -
  9|  3  2  4  4  4  6  4  3  0  5  -  1  -  3  5
 10|  -  -  1  -  -  1  -  -  -  0  -  -  -  2  -
 11|  4  3  5  5  5  7  5  4  1  6  0  2  -  4  6
 12|  2  1  3  3  3  5  3  2  -  4  -  0  -  2  4
 13|  5  4  3  6  1  3  6  2  2  2  1  3  0  4  1
 14|  -  -  -  -  -  -  -  -  -  -  -  -  -  0  -
 15|  -  -  4  -  2  4  -  1  -  3  -  -  -  5  0
The reachability matrix:
v\u|  1  2  3  4  5  6  7  8  9 10 11 12 13 14 15
---|---------------------------------------------
  1|  1  0  1  1  1  1  1  1  0  1  0  0  0  1  1
  2|  1  1  1  1  1  1  1  1  0  1  0  0  0  1  1
  3|  0  0  1  0  0  0  0  0  0  0  0  0  0  1  0
  4|  0  0  1  1  1  1  0  1  0  1  0  0  0  1  1
  5|  0  0  1  0  1  1  0  0  0  1  0  0  0  1  0
  6|  0  0  1  0  0  1  0  0  0  0  0  0  0  1  0
  7|  0  0  1  1  1  1  1  1  0  1  0  0  0  1  1
  8|  0  0  1  0  1  1  0  1  0  1  0  0  0  1  0
  9|  1  1  1  1  1  1  1  1  1  1  0  1  0  1  1
 10|  0  0  1  0  0  1  0  0  0  1  0  0  0  1  0
 11|  1  1  1  1  1  1  1  1  1  1  1  1  0  1  1
 12|  1  1  1  1  1  1  1  1  0  1  0  1  0  1  1
 13|  1  1  1  1  1  1  1  1  1  1  1  1  1  1  1
 14|  0  0  0  0  0  0  0  0  0  0  0  0  0  1  0
 15|  0  0  1  0  1  1  0  1  0  1  0  0  0  1  1
No one simple cycle founded.
Graph is one-side connected.
BFS log:
Vertex | BFS-number | Queue
     1 |          1 |  1 
     3 |          2 |  1   3 
     4 |          3 |  1   3   4 
     7 |          4 |  1   3   4   7 
    -- |         -- |  3   4   7 
    14 |          5 |  3   4   7  14 
    -- |         -- |  4   7  14 
     8 |          6 |  4   7  14   8 
    15 |          7 |  4   7  14   8  15 
    -- |         -- |  7  14   8  15 
    -- |         -- | 14   8  15 
    -- |         -- |  8  15 
     5 |          8 |  8  15   5 
    -- |         -- | 15   5 
    -- |         -- |  5 
    10 |          9 |  5  10 
    -- |         -- | 10 
     6 |         10 | 10   6 
    -- |         -- |  6 
    -- |         -- |
DFS log:
Vertex | DFS-number | Stack
     1 |          1 |  1 
     3 |          2 |  1   3 
    14 |          3 |  1   3  14 
    -- |         -- |  1   3 
    -- |         -- |  1 
     4 |          4 |  1   4 
     8 |          5 |  1   4   8 
     5 |          6 |  1   4   8   5 
    10 |          7 |  1   4   8   5  10 
     6 |          8 |  1   4   8   5  10   6 
    -- |         -- |  1   4   8   5  10 
    -- |         -- |  1   4   8   5 
    -- |         -- |  1   4   8 
    -- |         -- |  1   4 
    15 |          9 |  1   4  15 
    -- |         -- |  1   4 
    -- |         -- |  1 
     7 |         10 |  1   7 
    -- |         -- |  1 
    -- |         -- |
