The incidence matrix:
v\e|  1  2  3  4  5  6  7  8  9 10 11 12 13 14 15 16 17 18 19 20 21 22
---|------------------------------------------------------------------
  1| -1 -1  0  0  0  0  0  1  0  0  0  0  0  0  0  0  0  1  0  0  0  0
  2|  0  0 -1 -1 -1  0  0  0  0  0  1  0  0  0  0  0  0  0  1  0  0  1
  3|  0  0  0  0  0 -1  0  0  0  0  0  0  0  1  0  0  0  0  0  1  0  0
  4|  0  0  0  0  0  0 -1  0  0  0  0  0  0  0  1  0  0  0  0  0  0  0
  5|  0  0  0  0  0  1  1 -1 -1  0  0  0  0  0  0  0  0  0  0  0  1  0
  6|  0  0  1  0  0  0  0  0  0 -1  0  0  0  0  0  1  0  0  0  0  0  0
  7|  0  0  0  0  0  0  0  0  1  0 -1 -1 -1  0  0  0  0  0  0  0  0  0
  8|  1  0  0  1  0  0  0  0  0  0  0  1  0 -1 -1 -1  0  0  0  0  0  0
  9|  0  0  0  0  1  0  0  0  0  1  0  0  0  0  0  0  2  0  0  0  0 -1
 10|  0  1  0  0  0  0  0  0  0  0  0  0  1  0  0  0  0 -1 -1 -1 -1  0
The adjacency matrix:
v\u|  1  2  3  4  5  6  7  8  9 10
---|------------------------------
  1|  0  0  0  0  0  0  0  1  0  1
  2|  0  0  0  0  0  1  0  1  1  0
  3|  0  0  0  0  1  0  0  0  0  0
  4|  0  0  0  0  1  0  0  0  0  0
  5|  1  0  0  0  0  0  1  0  0  0
  6|  0  0  0  0  0  0  0  0  1  0
  7|  0  1  0  0  0  0  0  1  0  1
  8|  0  0  1  1  0  1  0  0  0  0
  9|  0  1  0  0  0  0  0  0  1  0
 10|  1  1  1  0  1  0  0  0  0  0
N  | The vertex indegree
---|--------------------
  1|  2
  2|  3
  3|  1
  4|  1
  5|  2
  6|  1
  7|  3
  8|  3
  9|  2
 10|  4
N  | The vertex outdegree
---|---------------------
  1|  2
  2|  3
  3|  2
  4|  1
  5|  3
  6|  2
  7|  1
  8|  3
  9|  3
 10|  2
N  | The vertex degree
---|------------------
  1|  4
  2|  6
  3|  3
  4|  2
  5|  5
  6|  3
  7|  4
  8|  6
  9|  5
 10|  6
Graph isn't homogeneous.
Isolated vertices:
List is empty.
Leaf vertices:
List is empty.
The distance matrix:
v\u|  1  2  3  4  5  6  7  8  9 10
---|------------------------------
  1|  0  2  2  2  2  2  3  1  3  1
  2|  4  0  2  2  3  1  4  1  1  5
  3|  2  3  0  4  1  4  2  3  4  3
  4|  2  3  4  0  1  4  2  3  4  3
  5|  1  2  3  3  0  3  1  2  3  2
  6|  6  2  4  4  5  0  6  3  1  7
  7|  2  1  2  2  2  2  0  1  2  1
  8|  3  3  1  1  2  1  3  0  2  4
  9|  5  1  3  3  4  2  5  2  0  6
 10|  1  1  1  3  1  2  2  2  2  0
The reachability matrix:
v\u|  1  2  3  4  5  6  7  8  9 10
---|------------------------------
  1|  1  1  1  1  1  1  1  1  1  1
  2|  1  1  1  1  1  1  1  1  1  1
  3|  1  1  1  1  1  1  1  1  1  1
  4|  1  1  1  1  1  1  1  1  1  1
  5|  1  1  1  1  1  1  1  1  1  1
  6|  1  1  1  1  1  1  1  1  1  1
  7|  1  1  1  1  1  1  1  1  1  1
  8|  1  1  1  1  1  1  1  1  1  1
  9|  1  1  1  1  1  1  1  1  1  1
 10|  1  1  1  1  1  1  1  1  1  1
Simple cycles founded, some of them:
[1, 8, 3, 5, 1]
[2, 6, 9, 2]
[9, 9]
[8, 3, 5, 7, 2, 8]
[1, 8, 3, 5, 7, 10, 1]
[1, 10, 1]
Graph is strongly connected.
BFS log:
Vertex | BFS-number | Queue
     1 |          1 |  1 
     8 |          2 |  1   8 
    10 |          3 |  1   8  10 
    -- |         -- |  8  10 
     3 |          4 |  8  10   3 
     4 |          5 |  8  10   3   4 
     6 |          6 |  8  10   3   4   6 
    -- |         -- | 10   3   4   6 
     2 |          7 | 10   3   4   6   2 
     5 |          8 | 10   3   4   6   2   5 
    -- |         -- |  3   4   6   2   5 
    -- |         -- |  4   6   2   5 
    -- |         -- |  6   2   5 
     9 |          9 |  6   2   5   9 
    -- |         -- |  2   5   9 
    -- |         -- |  5   9 
     7 |         10 |  5   9   7 
    -- |         -- |  9   7 
    -- |         -- |  7 
    -- |         -- |
DFS log:
Vertex | DFS-number | Stack
     1 |          1 |  1 
     8 |          2 |  1   8 
     3 |          3 |  1   8   3 
     5 |          4 |  1   8   3   5 
     7 |          5 |  1   8   3   5   7 
     2 |          6 |  1   8   3   5   7   2 
     6 |          7 |  1   8   3   5   7   2   6 
     9 |          8 |  1   8   3   5   7   2   6   9 
    -- |         -- |  1   8   3   5   7   2   6 
    -- |         -- |  1   8   3   5   7   2 
    -- |         -- |  1   8   3   5   7 
    10 |          9 |  1   8   3   5   7  10 
    -- |         -- |  1   8   3   5   7 
    -- |         -- |  1   8   3   5 
    -- |         -- |  1   8   3 
    -- |         -- |  1   8 
     4 |         10 |  1   8   4 
    -- |         -- |  1   8 
    -- |         -- |  1 
    -- |         -- |
