The incidence matrix:
v\e|  1  2  3  4  5  6  7  8  9 10 11 12 13 14 15 16 17 18 19 20 21
---|---------------------------------------------------------------
  1| -1  1 -1  1  0  0  0  0  0  0  0  0  0  0  0  0  0  0  0  0  0
  2|  0  0  0  0  2  0  0  0  0  0  0  0  0 -1  1 -1  1  0  0  0  0
  3|  0  0  0  0  0  0  0  0  0  0  0  0  0  0  0  1 -1 -1  1  0  0
  4|  0  0  0  0  0 -1  1 -1  1 -1  1  0  0  0  0  0  0  0  0  0  0
  5|  1 -1  0  0  0  1 -1  0  0  0  0  0  0  1 -1  0  0  0  0  0  0
  6|  0  0  0  0  0  0  0  0  0  0  0  0  0  0  0  0  0  1 -1 -1  1
  7|  0  0  0  0  0  0  0  1 -1  0  0  0  0  0  0  0  0  0  0  0  0
  8|  0  0  0  0  0  0  0  0  0  1 -1 -1  1  0  0  0  0  0  0  0  0
  9|  0  0  0  0  0  0  0  0  0  0  0  0  0  0  0  0  0  0  0  1 -1
 10|  0  0  1 -1  0  0  0  0  0  0  0  1 -1  0  0  0  0  0  0  0  0
The adjacency matrix:
v\u|  1  2  3  4  5  6  7  8  9 10
---|------------------------------
  1|  0  0  0  0  1  0  0  0  0  1
  2|  0  1  1  0  1  0  0  0  0  0
  3|  0  1  0  0  0  1  0  0  0  0
  4|  0  0  0  0  1  0  1  1  0  0
  5|  1  1  0  1  0  0  0  0  0  0
  6|  0  0  1  0  0  0  0  0  1  0
  7|  0  0  0  1  0  0  0  0  0  0
  8|  0  0  0  1  0  0  0  0  0  1
  9|  0  0  0  0  0  1  0  0  0  0
 10|  1  0  0  0  0  0  0  1  0  0
N  | The vertex indegree
---|--------------------
  1|  2
  2|  3
  3|  2
  4|  3
  5|  3
  6|  2
  7|  1
  8|  2
  9|  1
 10|  2
N  | The vertex outdegree
---|---------------------
  1|  2
  2|  3
  3|  2
  4|  3
  5|  3
  6|  2
  7|  1
  8|  2
  9|  1
 10|  2
N  | The vertex degree
---|------------------
  1|  4
  2|  6
  3|  4
  4|  6
  5|  6
  6|  4
  7|  2
  8|  4
  9|  2
 10|  4
Graph isn't homogeneous.
Isolated vertices:
List is empty.
Leaf vertices:
List is empty.
The distance matrix:
v\u|  1  2  3  4  5  6  7  8  9 10
---|------------------------------
  1|  0  2  3  2  1  4  3  2  5  1
  2|  2  0  1  2  1  2  3  3  3  3
  3|  3  1  0  3  2  1  4  4  2  4
  4|  2  2  3  0  1  4  1  1  5  2
  5|  1  1  2  1  0  3  2  2  4  2
  6|  4  2  1  4  3  0  5  5  1  5
  7|  3  3  4  1  2  5  0  2  6  3
  8|  2  3  4  1  2  5  2  0  6  1
  9|  5  3  2  5  4  1  6  6  0  6
 10|  1  3  4  2  2  5  3  1  6  0
The reachability matrix:
v\u|  1  2  3  4  5  6  7  8  9 10
---|------------------------------
  1|  1  1  1  1  1  1  1  1  1  1
  2|  1  1  1  1  1  1  1  1  1  1
  3|  1  1  1  1  1  1  1  1  1  1
  4|  1  1  1  1  1  1  1  1  1  1
  5|  1  1  1  1  1  1  1  1  1  1
  6|  1  1  1  1  1  1  1  1  1  1
  7|  1  1  1  1  1  1  1  1  1  1
  8|  1  1  1  1  1  1  1  1  1  1
  9|  1  1  1  1  1  1  1  1  1  1
 10|  1  1  1  1  1  1  1  1  1  1
Simple cycles founded, some of them:
[1, 5, 1]
[2, 2]
[1, 5, 4, 8, 10, 1]
Graph is strongly connected.
BFS log:
Vertex | BFS-number | Queue
     1 |          1 |  1 
     5 |          2 |  1   5 
    10 |          3 |  1   5  10 
    -- |         -- |  5  10 
     2 |          4 |  5  10   2 
     4 |          5 |  5  10   2   4 
    -- |         -- | 10   2   4 
     8 |          6 | 10   2   4   8 
    -- |         -- |  2   4   8 
     3 |          7 |  2   4   8   3 
    -- |         -- |  4   8   3 
     7 |          8 |  4   8   3   7 
    -- |         -- |  8   3   7 
    -- |         -- |  3   7 
     6 |          9 |  3   7   6 
    -- |         -- |  7   6 
    -- |         -- |  6 
     9 |         10 |  6   9 
    -- |         -- |  9 
    -- |         -- |
DFS log:
Vertex | DFS-number | Stack
     1 |          1 |  1 
     5 |          2 |  1   5 
     2 |          3 |  1   5   2 
     3 |          4 |  1   5   2   3 
     6 |          5 |  1   5   2   3   6 
     9 |          6 |  1   5   2   3   6   9 
    -- |         -- |  1   5   2   3   6 
    -- |         -- |  1   5   2   3 
    -- |         -- |  1   5   2 
    -- |         -- |  1   5 
     4 |          7 |  1   5   4 
     7 |          8 |  1   5   4   7 
    -- |         -- |  1   5   4 
     8 |          9 |  1   5   4   8 
    10 |         10 |  1   5   4   8  10 
    -- |         -- |  1   5   4   8 
    -- |         -- |  1   5   4 
    -- |         -- |  1   5 
    -- |         -- |  1 
    -- |         -- |
