The incidence matrix:
v\e|  1  2  3  4  5  6  7  8  9 10 11
---|---------------------------------
  1| -1  0  0  0  0  0  0  0  0  0  1
  2|  0 -1  0  0  0  0  0  0  0  1  0
  3|  0  0  1  0  0  0  0  0  0  0 -1
  4|  0  0  0  0  1  0  0  0  1 -1  0
  5|  1  0  0  1  0  0  0  0  0  0  0
  6|  0  1 -1  0  0  0  0  0  0  0  0
  7|  0  0  0 -1  0  0  0  1 -1  0  0
  8|  0  0  0  0  0  0  1 -1  0  0  0
  9|  0  0  0  0 -1  1 -1  0  0  0  0
 10|  0  0  0  0  0 -1  0  0  0  0  0
The adjacency matrix:
v\u|  1  2  3  4  5  6  7  8  9 10
---|------------------------------
  1|  0  0  0  0  1  0  0  0  0  0
  2|  0  0  0  0  0  1  0  0  0  0
  3|  1  0  0  0  0  0  0  0  0  0
  4|  0  1  0  0  0  0  0  0  0  0
  5|  0  0  0  0  0  0  0  0  0  0
  6|  0  0  1  0  0  0  0  0  0  0
  7|  0  0  0  1  1  0  0  0  0  0
  8|  0  0  0  0  0  0  1  0  0  0
  9|  0  0  0  1  0  0  0  1  0  0
 10|  0  0  0  0  0  0  0  0  1  0
N  | The vertex indegree
---|--------------------
  1|  1
  2|  1
  3|  1
  4|  1
  5|  0
  6|  1
  7|  2
  8|  1
  9|  2
 10|  1
N  | The vertex outdegree
---|---------------------
  1|  1
  2|  1
  3|  1
  4|  2
  5|  2
  6|  1
  7|  1
  8|  1
  9|  1
 10|  0
N  | The vertex degree
---|------------------
  1|  2
  2|  2
  3|  2
  4|  3
  5|  2
  6|  2
  7|  3
  8|  2
  9|  3
 10|  1
Graph isn't homogeneous.
Isolated vertices:
List is empty.
Leaf vertices:
10 
The distance matrix:
v\u|  1  2  3  4  5  6  7  8  9 10
---|------------------------------
  1|  0  -  -  -  1  -  -  -  -  -
  2|  3  0  2  -  4  1  -  -  -  -
  3|  1  -  0  -  2  -  -  -  -  -
  4|  4  1  3  0  5  2  -  -  -  -
  5|  -  -  -  -  0  -  -  -  -  -
  6|  2  -  1  -  3  0  -  -  -  -
  7|  5  2  4  1  1  3  0  -  -  -
  8|  6  3  5  2  2  4  1  0  -  -
  9|  5  2  4  1  3  3  2  1  0  -
 10|  6  3  5  2  4  4  3  2  1  0
The reachability matrix:
v\u|  1  2  3  4  5  6  7  8  9 10
---|------------------------------
  1|  1  0  0  0  1  0  0  0  0  0
  2|  1  1  1  0  1  1  0  0  0  0
  3|  1  0  1  0  1  0  0  0  0  0
  4|  1  1  1  1  1  1  0  0  0  0
  5|  0  0  0  0  1  0  0  0  0  0
  6|  1  0  1  0  1  1  0  0  0  0
  7|  1  1  1  1  1  1  1  0  0  0
  8|  1  1  1  1  1  1  1  1  0  0
  9|  1  1  1  1  1  1  1  1  1  0
 10|  1  1  1  1  1  1  1  1  1  1
No one simple cycle founded.
Graph is one-side connected.
BFS log:
Vertex | BFS-number | Queue
     1 |          1 |  1 
     5 |          2 |  1   5 
    -- |         -- |  5 
    -- |         -- |
DFS log:
Vertex | DFS-number | Stack
     1 |          1 |  1 
     5 |          2 |  1   5 
    -- |         -- |  1 
    -- |         -- |
